1.378318358643125796e-01 3.758557517434845882e-03 3.805134091672328529e-03
1.640944981692306071e-01 3.404627464380551721e-02 2.385765343112273770e-02
4.886073007293011139e-02 1.896225252489996613e-02 8.887862810923534765e-03
1.481655787329122786e-01 1.631708090831374969e-01 3.034426029081385701e-02
8.147808647130447279e-02 1.273956319019309003e-01 7.492107911524014709e-03
6.013621999386067202e-02 1.709202341829942073e-01 4.752159857037377855e-04
1.754118927763019878e-02 3.964135615110137706e-02 9.697432388660468579e-04
3.721959992501756853e-02 1.111788663134967853e-01 1.540292734718845709e-02
1.831223538787888072e-01 1.558764495590924948e-01 1.249331066927279743e-02
5.321802986670325780e-02 7.240267986671466982e-02 2.157508408132648506e-02
5.499047890470273869e-02 1.190175325924682365e-01 1.496385990072958416e-02
1.132467602090808240e-01 8.316397376176970502e-02 1.076262570389406592e-02
3.171783549122277335e-01 1.113332248239063543e-02 6.840833275021424194e-03
3.776139427664708670e-01 1.008493692527606678e-01 4.289105863909924155e-02
1.124382178265320165e-01 5.616858897940146117e-02 1.597851381738556176e-02
3.409583440750730277e-01 4.833325627739727404e-01 5.455261772708798473e-02
1.874972154749908748e-01 3.773619656564736191e-01 1.346923915595304305e-02
1.383853534902466098e-01 5.062873395173441704e-01 8.543387038419715269e-04
4.036575094131285985e-02 1.174227079464034984e-01 1.743395017584353475e-03
8.564967157754417582e-02 3.293258560373257815e-01 2.769123384113788763e-02
4.214008076342233844e-01 4.617257477905705176e-01 2.246035311307004179e-02
1.224652277098574882e-01 2.144658901204109513e-01 3.878747753408549187e-02
1.265439840183192888e-01 3.525449764341291869e-01 2.690188263160022547e-02
2.606032262213816009e-01 2.463422029626837761e-01 1.934894441773577986e-02
5.210713781177936932e-01 8.934566690932732591e-03 5.459352734620312453e-02
6.203570152454721542e-01 8.093230181308926074e-02 3.422937072989741814e-01
1.847173245229573602e-01 4.507567304960451854e-02 1.275171307311814550e-01
5.601379522796369193e-01 3.878776549259010387e-01 4.353592183813917438e-01
3.080267961155124246e-01 3.028355330685850721e-01 1.074917698810265859e-01
2.273441605888754380e-01 4.062990187203579517e-01 6.818082171571464983e-03
6.631422714065740576e-02 9.423251835527388098e-02 1.391322953524658235e-02
1.407081905592127979e-01 2.642862297816228612e-01 2.209909335864543856e-01
6.922915645825833408e-01 3.705380395726952658e-01 1.792456931176893420e-01
2.011900370438070018e-01 1.721103292608129054e-01 3.095449238880483844e-01
2.078907564899525606e-01 2.829197311481880250e-01 2.146914865584140797e-01
4.281278344693357218e-01 1.976912861944494226e-01 1.544149789539366324e-01
2.961452913164381306e-01 7.899255441937652264e-03 5.826336131387566813e-02
3.525732111091611776e-01 7.155410526784540537e-02 3.653030480583728812e-01
1.049820968475417282e-01 3.985243693994064418e-02 1.360889655358797357e-01
3.183483569073463637e-01 3.429315357384808416e-01 4.646245200649349871e-01
1.750637035532512376e-01 2.677438442573623623e-01 1.147174789994916538e-01
1.292085988485509596e-01 3.592182862027146761e-01 7.276400781192422090e-03
3.768897494606758547e-02 8.331313192623089614e-02 1.484849136628164749e-02
7.996998076211164763e-02 2.336615205917418336e-01 2.358461751150023877e-01
3.934564354883357540e-01 3.276011838951261024e-01 1.912947759510969514e-01
1.143441851393230402e-01 1.521666916882375153e-01 3.303528571985524520e-01
1.181524666833534964e-01 2.501358267516107237e-01 2.291232726737506553e-01
2.433218318718236295e-01 1.747834027452015437e-01 1.647949152289648334e-01
1.043047947553277649e-01 3.585901284707930254e-03 8.971927897841265598e-02
1.241791698172667324e-01 3.248229657745489024e-02 5.625272099192841768e-01
3.697555350615487624e-02 1.809118667855365639e-02 2.095622976336821708e-01
1.121248961288937029e-01 1.556752587139829669e-01 7.154715415636230258e-01
6.165886881759736343e-02 1.215434799079755518e-01 1.766525183229415707e-01
4.550832573974987472e-02 1.630686997594959220e-01 1.120487072706990474e-02
1.327436535902154317e-02 3.782035775437968955e-02 2.286507179225697253e-02
2.816608156388596129e-02 1.060716611882607380e-01 3.631776180426982692e-01
1.385785759629795111e-01 1.487159789724702974e-01 2.945732787061499103e-01
4.027295760606366959e-02 6.907672998111828722e-02 5.087076936162621132e-01
4.161426552642549792e-02 1.135502439556582005e-01 3.528250749337982772e-01
8.569994012081794121e-02 7.934368410497956436e-02 2.537663574540485745e-01
6.356881136141453448e-01 7.358127372587939564e-03 2.818684400085231731e-02
7.568129767809814723e-01 6.665238571690283720e-02 1.767275316160827059e-01
2.253484119622975179e-01 3.712239834089751944e-02 6.583757536974901847e-02
6.833479120164579479e-01 3.194394634517569442e-01 2.247776058694756218e-01
3.757814786768318149e-01 2.494024055498532955e-01 5.549840606191811659e-02
2.773516002893240961e-01 3.346105115691719312e-01 3.520201531151715205e-03
8.090094318574306276e-02 7.760587577252173186e-02 7.183452865595450244e-03
1.716588705174003082e-01 2.176548464882756828e-01 1.140984522048349020e-01
8.445705084592127765e-01 3.051592971298633938e-01 9.254522716023659556e-02
2.454445216091409865e-01 1.417427132895352770e-01 1.598192112694644951e-01
2.536191554183597208e-01 2.330006020459147453e-01 1.108460239536797065e-01
5.223003736313404088e-01 1.628100964029668141e-01 7.972503581914479331e-02
4.326986199831902025e-01 8.056370310927766371e-03 2.642937489554563271e-03
5.151455936098754407e-01 7.297730444876779354e-02 1.657084484983351730e-02
1.533896022014903660e-01 4.064509524233118898e-02 6.173255727417453417e-03
4.651395742116898324e-01 3.497523866029914053e-01 2.107625675818099176e-02
2.557860116563450137e-01 2.730692245191616019e-01 5.203804228211229670e-03
1.887870043896467398e-01 3.663630778087636486e-01 3.300714545121446954e-04
5.506745481331672826e-02 8.497021617979885755e-02 6.735559639935669897e-04
1.168443373252015666e-01 2.383090091386873555e-01 1.069843352534215024e-02
5.748801741959624900e-01 3.341171166266372339e-01 8.677496861079464496e-03
1.670685726352495737e-01 1.551932617244879131e-01 1.498543735518373388e-02
1.726328622489198827e-01 2.551109864914979375e-01 1.039346981401623876e-02
3.555181323150615746e-01 1.782598153800134533e-01 7.475412501524710505e-03
1.049177970644372127e-01 1.411219764777288214e-02 6.859963722795156538e-02
1.249089744060187940e-01 1.278330196398466123e-01 4.301100384522660858e-01
3.719285990834896027e-02 7.119727561359781576e-02 1.602319786562885207e-01
1.127838574009703970e-01 6.126549074869034328e-01 5.470517458125940813e-01
6.202123978099292195e-02 4.783304042903034903e-01 1.350690599650677115e-01
4.577577949226058207e-02 6.417515537823225147e-01 8.567278692108461907e-03
1.335237918989221929e-02 1.488407854436399336e-01 1.748270436410107390e-02
2.833161444353668457e-02 4.174415659181363036e-01 2.776867260941227600e-01
1.393930062799910718e-01 5.852668888548266946e-01 2.252316367940530029e-01
4.050964294795129927e-02 2.718492197519538633e-01 3.889594704114833212e-01
4.185883377392966842e-02 4.468732846854134300e-01 2.697711397258000243e-01
8.620360115871973650e-02 3.122544831244921659e-01 1.940305390349271464e-01
1.820560074369610010e-02 4.375190678197233771e-03 2.405686940515795388e-02
2.167452025268780044e-02 3.963194463778827586e-02 1.508331740955272671e-01
6.453798849700951266e-03 2.207322093641539071e-02 5.619096457107449621e-02
1.957053937107496033e-02 1.899407949839413690e-01 1.918428863281937680e-01
1.076208194104876469e-02 1.482963021198561160e-01 4.736670436695996494e-02
7.943128701565615318e-03 1.989615994550727740e-01 3.004416830496992562e-03
2.316938511016553882e-03 4.614496149090842325e-02 6.130923613176130459e-03
4.916173189059413334e-03 1.294189957852041328e-01 9.738059230538086142e-02
2.418782599141348910e-02 1.814497146572521535e-01 7.898537501385995141e-02
7.029335407482249602e-03 8.428114471041610323e-02 1.364022837685764933e-01
7.263450402193146263e-03 1.385436824433615155e-01 9.460471425087711717e-02
1.495826627393445109e-02 9.680794854847971087e-02 6.804361548830056838e-02
