6.146783224386965783e-01 7.142978630489631338e-03 6.044422986421016386e-02
4.248137870897496504e-01 2.580987809572325925e-04 6.907993489443038648e-02
1.196210742393696014e-01 1.894321277708043913e-02 1.547706578033534140e-02
2.785829400531685818e-01 1.682287854986558957e-03 1.037831647766145199e-01
3.374211833130503213e-01 1.173535886226947933e-02 6.983236945429516229e-03
5.038929980470965297e-01 4.137352117562742918e-03 9.349515861883675449e-02
7.317999519021026744e-01 6.470349624833152125e-02 3.789767859081337731e-01
5.057583741138578226e-01 2.337945326349171338e-03 4.331214369981692958e-01
1.424138336740823907e-01 1.715939750430350019e-01 9.703901692348736174e-02
3.316645059530097250e-01 1.523872764355101335e-02 6.507057879101916242e-01
4.017138667581159339e-01 1.063028167096207871e-01 4.378390954371031568e-02
5.999054436663459056e-01 3.747752318256582227e-02 5.862014420721067820e-01
2.179005409455984921e-01 3.603695405564762144e-02 1.411829412058703270e-01
1.505944664532019583e-01 1.302131000570679997e-03 1.613538365633233607e-01
4.240510171538026257e-02 9.557017090882863330e-02 3.615064122767983057e-02
9.875632687836453927e-02 8.487289865288167798e-03 2.424120959723206070e-01
1.196142041884849100e-01 5.920591535035199526e-02 1.631113397106925128e-02
1.786276705147873956e-01 2.087330452540143294e-02 2.183818291997562666e-01
6.607629420851824920e-01 3.100991795373685966e-01 4.820159815370103074e-01
4.566635873575423110e-01 1.120488025440817721e-02 5.508819071308509452e-01
1.285894915509711578e-01 8.223844762603995662e-01 1.234227497013489772e-01
2.994692937176586245e-01 7.303340952893934424e-02 8.276248063578635072e-01
3.627188493051676232e-01 5.094688564841611811e-01 5.568822397305113470e-02
5.416716479682410768e-01 1.796154746476479047e-01 7.455825105532752906e-01
3.633617240432037154e-01 2.421099775837048107e-01 1.190114939083786044e-01
2.511249615275780167e-01 8.748211818135275333e-03 1.360147406849109009e-01
7.071295372036215388e-02 6.420767943005751821e-01 3.047352450306587204e-02
1.646818729268582082e-01 5.702084465458009954e-02 2.043435661328151798e-01
1.994635867601393109e-01 3.977678806083779772e-01 1.374962445644205451e-02
2.978719467074621430e-01 1.402348068302068929e-01 1.840870257661604559e-01
2.681849994367050405e-01 3.248266321917674393e-01 7.548765321539541336e-03
1.853468409287061247e-01 1.173703046419329911e-02 8.627262157476072238e-03
5.219083959269258527e-02 8.614417496653364870e-01 1.932901415143349925e-03
1.215461207820385386e-01 7.650196459777712510e-02 1.296128277232321858e-02
1.472173274270098808e-01 5.336649168347724626e-01 8.721232283739493475e-04
2.198492096830007847e-01 1.881459015994929596e-01 1.167643317979656127e-02
7.822712895856528958e-02 7.533671057512407454e-02 1.540428847634170255e-02
5.406399037174545313e-02 2.722157543320904548e-03 1.760510883224592274e-02
1.522359396628719663e-02 1.997933092307286329e-01 3.944349801183749324e-03
3.545389967671899734e-02 1.774302287482570212e-02 2.644927088653817315e-02
4.294195753586897008e-02 1.237723616207165173e-01 1.779686773207416221e-03
6.412801802275948371e-02 4.363648768284713458e-02 2.382735949719931579e-02
1.659854641004084030e-01 2.112907046268549249e-01 2.446741845951642402e-01
1.147151461704208758e-01 7.634612409311913178e-03 2.796309388034693977e-01
3.230203311064609034e-02 5.603439380990287155e-01 6.265012323321049459e-02
7.522750828713850590e-02 4.976240370481762459e-02 4.201072835814109729e-01
9.111597019937425768e-02 3.471342098762455475e-01 2.826767433874590243e-02
1.360694042470238785e-01 1.223836846547193685e-01 3.784621253352178916e-01
8.166570558782176859e-01 2.962365596461817852e-01 1.984551723186795957e-01
5.644044437499922129e-01 1.070397923259684171e-02 2.268085872553203264e-01
1.589276711788646101e-01 7.856207433933255491e-01 5.081549989675139545e-02
3.701232259811936265e-01 6.976853666740034932e-02 3.407489167417831477e-01
4.482952791667093595e-01 4.866936491637999240e-01 2.292790386213474155e-02
6.694684963513269915e-01 1.715859756488755106e-01 3.069705388975425553e-01
2.373324647156310474e-01 1.375982122607199987e-01 3.427183668521447402e-01
1.640241724080758190e-01 4.971865755666131891e-03 3.916827548710307694e-01
4.618670179961075622e-02 3.649111032580571456e-01 8.775485633311833067e-02
1.075632137607055172e-01 3.240662100905719600e-02 5.884498291878954568e-01
1.302811538321943519e-01 2.260631710129573368e-01 3.959490536409759898e-02
1.945573201687018916e-01 7.969956013024138974e-02 5.301169051605826299e-01
2.452369230321997662e-01 2.261877563448358164e-01 2.376996357303203800e-01
1.694870669819926179e-01 8.172890778486336522e-03 2.716599317679952441e-01
4.772496947652654642e-02 5.998509890147809553e-01 6.086425298865854455e-02
1.111456521792607011e-01 5.327090211657166396e-02 4.081319344751559997e-01
1.346202228724748540e-01 3.716089083100430623e-01 2.746189143076447486e-02
2.010371341684405178e-01 1.310123466820345695e-01 3.676738903973530426e-01
5.050381005986341876e-01 1.580495934015513082e-01 1.709633895458129993e-01
3.490397176993614847e-01 5.710839902783029429e-03 1.953890362353486732e-01
9.828425360070282280e-02 4.191482618129304116e-01 4.377608304339373341e-02
2.288920786167260857e-01 3.722325450199027996e-02 2.935453337375978355e-01
2.772353396912935475e-01 2.596632011029610942e-01 1.975172586157956586e-02
4.140135634342910764e-01 9.154539776286790831e-02 2.644462384500369523e-01
