1.876711592415479524e-01 6.910406660496949682e-02 2.122031135913585165e-02
1.297024687134247234e-01 2.496952080158672867e-03 2.425207055200854014e-02
3.652223423652734696e-02 1.832643082357568176e-01 5.433573320768035099e-03
8.505584367652890831e-02 1.627513366531710068e-02 3.643542279128746120e-02
1.030201038712089817e-01 1.135326118700567960e-01 2.451622968967271093e-03
1.538466212734043159e-01 4.002641910195231523e-02 3.282358598861494919e-02
4.318685097636225656e-01 2.046949806644973446e-01 3.814967056472189783e-02
2.984710709003217111e-01 7.396287698812504911e-03 4.360013792508254243e-02
8.404489499990859536e-02 5.428520472645096406e-01 9.768425574364612146e-03
1.957303434567264355e-01 4.820900324112935287e-02 6.550325076995387741e-02
2.370696643765541900e-01 3.362979479106360525e-01 4.407504066840211773e-03
3.540315482145978687e-01 1.185633130822722897e-01 5.900992549194505193e-02
7.094882612985430326e-01 1.642691082503728861e-01 3.044548813707586010e-01
4.903384163316013566e-01 5.935570968584387430e-03 3.479525412207575275e-01
1.380718090724901981e-01 4.356424443166462823e-01 7.795728784542761691e-02
3.215524584982759060e-01 3.868805158949940176e-02 5.227511574112262416e-01
3.894660994783147867e-01 2.698813807274368926e-01 3.517425204326282001e-02
5.816150562241433342e-01 9.514786170139169497e-02 4.709309307106043785e-01
4.032299923799542718e-01 1.452340882525259835e-01 3.249206567032958959e-01
2.786785443343549606e-01 5.247774502839666795e-03 3.713422747108161559e-01
7.847162181131502046e-02 3.851614821454801274e-01 8.319765821293553798e-02
1.827508677207787535e-01 3.420499422389041561e-02 5.578910365756978296e-01
2.213488522522703561e-01 2.386083219404897260e-01 3.753870202864774408e-02
3.305546370282273494e-01 8.412240798383764651e-02 5.025874000753672854e-01
1.420209026705161470e-01 6.592964456918094796e-02 5.003426919975771936e-01
9.815286354983471240e-02 2.382250006967024433e-03 5.718269662090982308e-01
2.763834728137239474e-02 1.748457261317146738e-01 1.281154011582799068e-01
6.436635093618933712e-02 1.552750555193959693e-02 8.590918961994451486e-01
7.796087690899880518e-02 1.083172831259301833e-01 5.780554372158512588e-02
1.164240478630811926e-01 3.818773213238101094e-02 7.739302735295184865e-01
8.655498524701050744e-01 1.352850187031840734e-01 1.571912031269839805e-01
5.981950189555786945e-01 4.888282636045735915e-03 1.796492089051969498e-01
1.684425810713829907e-01 3.587765031112873926e-01 4.024964163414569002e-02
3.922822944317455596e-01 3.186182623514239448e-02 2.698983934812557162e-01
4.751344642807480700e-01 2.222627737389544222e-01 1.816059894615077233e-02
7.095491970336746945e-01 7.835971344180915621e-02 2.431434150597924782e-01
5.891603424219422624e-01 1.481227699664441899e-01 1.473902235241129378e-02
4.071779126265190896e-01 5.352151859612555920e-03 1.684479571994677502e-02
1.146550813442364647e-01 3.928222795778620879e-01 3.774004880177546373e-03
2.670177462960804382e-01 3.488532583562215655e-02 2.530700430600141618e-02
3.234133572702330151e-01 2.433542015385338764e-01 1.702827311425699972e-03
4.829742003843878750e-01 8.579558860277855525e-02 2.279832559404024531e-02
1.428555636415966557e-01 2.594639676712347520e-01 3.825635643923200879e-01
9.872971078051948068e-02 9.375267269094721828e-03 4.372206607739534956e-01
2.780077865131269990e-02 6.880996572776817422e-01 9.795743058619685306e-02
6.474463385065543086e-02 6.110799208565222129e-02 6.568643116150646444e-01
7.841905524756433155e-02 4.262791378729781089e-01 4.419829689022976987e-02
1.171082753748015348e-01 1.502865753361814494e-01 5.917494724475951262e-01
2.478865767718383892e-02 8.044135725823023386e-02 1.341593349419028247e-01
1.713182840568792248e-02 2.906604838249570583e-03 1.533267632673448455e-01
4.824061223653219356e-03 2.133308561382810387e-01 3.435220957577841266e-02
1.123465214827084648e-02 1.894525034367621971e-02 2.303525149691881546e-01
1.360747223522216359e-02 1.321588994770166725e-01 1.549968336837525065e-02
2.032092328384507360e-02 4.659319830124515616e-02 2.075177122575579125e-01
