2.255486767281050575e+00 2.923413729516828319e+00 1.066128662584579223e-01
-3.376740319937017620e+00 -1.394152784158798619e+00 -3.939292297187786840e+00
4.475319275033697725e-02 -2.340861586933078442e+00 1.000800877926497079e-01
2.660278081373019354e+00 -2.203870273626826470e-01 -1.866627001414252973e+00
-2.059492208233517641e+00 -1.043435702406467547e+00 5.143872460804215230e-01
1.322733623891646504e+00 2.164414008747891582e+00 3.775753636254511214e+00
2.400432812088471590e-01 2.555919547309565498e+00 -6.306846338857060585e-01
-1.846330889020044941e+00 -6.018657887780408666e-01 -6.797901467322435831e-01
2.008938198352310689e+00 -4.774470055315201966e-01 1.505487936345591304e+00
-1.017211462068983607e+00 -6.855395204362770833e-01 2.618128745811350022e+00
-9.993627122104824512e-01 -3.227749889112415671e-01 -2.452402482435499298e+00
-9.720964356851801158e-01 1.971090748970136364e+00 3.714421936878221864e+00
