6.718927435987284147e-01 1.971053775436415467e-02 1.041085819845738447e-01
7.999160853731893672e-01 1.785446620543336138e-01 6.527461078518747017e-01
2.381827810467265216e-01 9.944139275934515965e-02 2.431721909994540853e-01
7.222669318556591556e-01 8.556964681062857458e-01 8.302198645669915944e-01
3.971835296184548225e-01 6.680851365706461653e-01 2.049842954158209718e-01
2.931477302610132618e-01 8.963358185211197648e-01 1.300192351073603536e-02
8.550853085446807889e-02 2.078862551460273211e-01 2.653220387381971523e-02
1.814354350897973145e-01 5.830415609696921742e-01 4.214245505924979485e-01
8.926717110769748498e-01 8.174435617384409047e-01 3.418173516978759707e-01
2.594234334312924828e-01 3.796924081672669038e-01 5.902949425148077411e-01
2.680636408228762591e-01 6.241489078491340159e-01 4.094116521912404272e-01
5.520471808519802348e-01 4.361265291353166873e-01 2.944657595419176710e-01
